155 20
62 2
413 43
321 58
129 12
37 23
84 47
494 12
154 27
177 15
453 27
389 6
24 48
489 12
166 20
451 27
219 24
327 20
120 35
200 60
123 20
299 4
478 2
41 6
74 3
505 29
240 5
510 49
129 35
485 27
220 6
30 49
247 27
115 23
94 27
319 60
442 12
347 38
438 45
44 4
87 23
488 49
284 4
130 43
7 50
298 36
68 36
78 23
302 23
455 27
254 45
265 12
327 43
467 36
186 18
66 27
507 29
173 35
70 20
131 20
407 52
450 34
10 27
288 18
98 58
309 28
323 23
163 23
469 2
178 37
139 2
78 45
74 44
60 43
12 35
149 43
34 27
33 4
15 47
44 11
373 27
106 43
257 20
288 17
481 6
332 48
293 4
325 43
190 50
126 2
486 27
43 20
329 12
513 49
326 36
193 23
203 27
302 4
25 4
431 33
229 47
312 20
411 23
79 12
228 2
508 35
2 2
92 21
27 6
21 0
434 55
356 23
129 44
248 45
509 49
227 35
422 9
266 35
272 43
267 60
67 2
104 21
204 44
189 27
170 27
0 2
311 44
128 35
78 2
226 43
158 6
221 12
152 45
16 27
78 49
424 23
164 44
29 20
184 2
212 6
477 17
361 15
359 23
333 43
318 12
277 4
93 39
301 43
497 4
275 46
259 20
443 2
129 43
109 10
410 4
122 53
120 27
285 49
279 20
71 10
208 41
320 27
232 2
458 4
296 18
19 36
157 27
346 35
470 34
63 48
74 36
394 50
282 12
407 43
241 2
121 2
305 4
126 43
248 20
201 2
176 27
384 33
2 33
11 27
142 4
168 50
403 12
100 20
471 34
255 21
194 50
317 53
482 4
448 0
92 51
48 4
445 59
474 45
92 53
466 2
165 60
74 23
129 45
121 27
255 23
191 27
86 2
78 46
242 6
355 6
407 4
129 36
269 27
32 43
263 23
363 43
128 46
181 36
496 4
68 46
483 2
47 27
330 26
179 27
397 35
119 23
229 48
290 20
191 20
183 2
436 47
437 27
372 46
322 43
74 31
386 58
397 6
137 46
174 60
73 27
55 61
121 61
397 58
230 20
42 46
95 45
348 4
370 23
197 2
365 33
382 20
8 20
13 43
92 2
450 36
344 6
222 27
69 50
218 0
143 17
115 21
272 35
314 20
83 45
238 2
81 60
85 50
18 60
352 48
58 45
134 20
258 12
210 27
388 20
191 2
150 25
391 15
343 33
77 4
399 4
274 6
138 47
281 27
270 43
19 53
425 39
393 23
364 21
107 37
335 39
209 20
380 50
495 0
262 45
78 16
31 36
141 42
408 44
506 29
20 50
169 2
74 20
247 43
256 60
283 23
151 33
45 23
175 45
439 4
358 23
463 27
375 12
18 6
187 46
280 28
26 10
181 18
461 44
446 4
6 45
49 6
278 45
110 47
78 36
231 6
206 11
465 6
499 18
147 38
146 34
294 20
320 0
38 27
208 45
90 45
243 60
132 49
120 18
14 4
17 27
35 8
64 49
90 22
476 2
302 6
234 45
198 35
185 2
378 27
215 20
74 34
504 29
89 20
23 27
54 23
383 58
207 23
429 34
511 49
211 12
313 42
401 27
195 52
492 12
151 44
331 23
268 15
78 50
51 35
16 34
289 47
307 23
180 23
117 46
472 36
435 44
430 27
65 2
102 52
480 23
52 46
260 27
202 43
484 4
440 14
339 43
39 2
22 12
409 26
350 12
102 20
297 12
64 39
185 43
310 43
249 45
214 20
161 35
251 43
2 45
96 4
73 43
330 27
303 11
464 50
273 43
481 4
135 2
4 45
75 27
300 60
397 27
233 4
395 43
315 4
145 20
103 12
213 20
83 46
99 23
465 50
441 12
449 27
405 43
76 47
415 6
376 11
377 20
261 44
225 27
459 50
78 60
418 27
191 49
324 40
188 20
74 42
172 23
481 47
287 11
129 20
362 33
413 21
295 36
245 20
512 49
40 20
277 18
349 43
129 17
385 56
74 47
253 20
363 45
308 19
216 37
74 19
112 16
73 36
130 17
205 2
315 43
498 13
59 27
441 4
196 20
473 27
46 44
462 13
271 20
313 27
83 27
125 23
487 35
2 18
18 43
94 2
156 27
421 12
447 2
379 32
276 49
327 35
160 4
423 20
153 27
105 49
2 20
82 57
419 43
74 50
78 6
148 24
133 27
392 4
136 20
259 35
326 35
2 42
140 6
80 4
192 2
381 2
91 43
87 36
225 20
159 11
118 60
151 12
462 36
199 2
2 43
53 20
252 59
286 6
2 60
342 23
457 48
52 45
329 27
456 6
369 23
366 33
334 27
121 12
239 20
52 60
501 23
65 43
224 18
454 6
306 20
417 43
182 4
81 23
302 12
259 27
351 20
353 6
111 20
236 50
428 27
502 23
65 21
338 10
452 12
404 2
264 44
121 20
116 44
503 27
73 12
490 43
426 43
475 36
71 20
336 4
444 50
10 16
9 30
235 27
64 43
92 6
320 45
304 46
354 20
56 46
316 45
371 45
162 42
398 20
74 4
237 11
92 20
493 12
341 27
244 20
113 2
97 45
46 2
28 44
38 4
328 23
460 50
432 20
10 4
57 43
194 12
259 21
414 23
246 45
12 50
302 48
340 35
114 11
337 2
223 20
387 45
1 12
92 50
87 27
144 20
151 0
345 49
88 27
433 20
406 12
374 4
61 43
368 27
284 7
396 12
127 23
72 1
416 2
468 50
360 27
291 50
36 12
412 23
78 12
500 20
250 20
420 23
292 35
50 20
402 13
5 50
367 36
71 27
167 27
3 45
217 20
491 34
101 2
108 27
400 2
479 45
121 43
450 46
38 11
390 20
124 27
171 43
427 23
10 36
357 54
